1.000000e+13
1.185052e+13
1.404348e+13
1.664225e+13
1.972193e+13
2.337152e+13
2.769646e+13
3.282174e+13
3.889547e+13
4.609315e+13
5.462277e+13
6.473082e+13
7.670938e+13
9.090460e+13
1.077267e+14
1.276617e+14
1.512857e+14
1.792814e+14
2.124578e+14
2.517735e+14
2.983647e+14
3.535777e+14
4.190079e+14
4.965461e+14
5.884329e+14
6.973236e+14
8.263646e+14
9.792850e+14
1.160504e+15
1.375257e+15
1.629751e+15
1.931339e+15
2.288737e+15
2.712273e+15
3.214184e+15
3.808975e+15
4.513833e+15
5.349126e+15
6.338992e+15
7.512035e+15
8.902151e+15
1.054951e+16
1.250172e+16
1.481518e+16
1.755676e+16
2.080568e+16
2.465581e+16
2.921841e+16
3.462533e+16
4.103282e+16
4.862602e+16
5.762435e+16
6.828785e+16
8.092465e+16
9.589991e+16
1.136464e+17
1.346768e+17
1.595991e+17
1.891332e+17
2.241326e+17
2.656088e+17
3.147602e+17
3.730072e+17
4.420328e+17
5.238319e+17
6.207680e+17
7.356423e+17
8.717743e+17
1.033098e+18
1.224274e+18
1.450829e+18
1.719307e+18
2.037469e+18
2.414506e+18
2.861315e+18
3.390807e+18
4.018282e+18
4.761873e+18
5.643066e+18
6.687326e+18
7.924829e+18
9.391334e+18
1.112922e+19
1.318870e+19
1.562930e+19
1.852153e+19
2.194897e+19
2.601067e+19
3.082399e+19
3.652803e+19
4.328761e+19
5.129807e+19
6.079087e+19
7.204034e+19
8.537154e+19
1.011697e+20
1.198914e+20
1.420775e+20
1.683692e+20
1.995262e+20
