3.860620e+06
4.090624e+06
4.334330e+06
4.592556e+06
4.866167e+06
5.156078e+06
5.463261e+06
5.788746e+06
6.133621e+06
6.499044e+06
6.886237e+06
7.296497e+06
7.731200e+06
8.191801e+06
8.679844e+06
9.196962e+06
9.744889e+06
1.032546e+07
1.094062e+07
1.159243e+07
1.228307e+07
1.301486e+07
1.379024e+07
1.461182e+07
1.548235e+07
1.640474e+07
1.738208e+07
1.841765e+07
1.951492e+07
2.067756e+07
2.190946e+07
2.321476e+07
2.459783e+07
2.606329e+07
2.761606e+07
2.926134e+07
3.100464e+07
3.285180e+07
3.480901e+07
3.688283e+07
3.908019e+07
4.140847e+07
4.387546e+07
4.648942e+07
4.925912e+07
5.219383e+07
5.530337e+07
5.859818e+07
6.208928e+07
6.578837e+07
6.970783e+07
7.386081e+07
7.826121e+07
8.292378e+07
8.786412e+07
9.309879e+07
9.864533e+07
1.045223e+08
1.107494e+08
1.173475e+08
1.243388e+08
1.317465e+08
1.395955e+08
1.479122e+08
1.567243e+08
1.660615e+08
1.759549e+08
1.864378e+08
1.975452e+08
2.093143e+08
2.217846e+08
2.349979e+08
2.489983e+08
2.638329e+08
2.795512e+08
2.962060e+08
3.138531e+08
3.325515e+08
3.523639e+08
3.733566e+08
3.956000e+08
4.191687e+08
4.441415e+08
4.706020e+08
4.986391e+08
5.283464e+08
5.598237e+08
5.931763e+08
6.285159e+08
6.659609e+08
7.056368e+08
7.476765e+08
7.922208e+08
8.394189e+08
8.894288e+08
9.424183e+08
9.985647e+08
1.058056e+09
1.121092e+09
1.187883e+09
