1.000000e+06
1.149757e+06
1.321941e+06
1.519911e+06
1.747528e+06
2.009233e+06
2.310130e+06
2.656088e+06
3.053856e+06
3.511192e+06
4.037017e+06
4.641589e+06
5.336699e+06
6.135907e+06
7.054802e+06
8.111308e+06
9.326033e+06
1.072267e+07
1.232847e+07
1.417474e+07
1.629751e+07
1.873817e+07
2.154435e+07
2.477076e+07
2.848036e+07
3.274549e+07
3.764936e+07
4.328761e+07
4.977024e+07
5.722368e+07
6.579332e+07
7.564633e+07
8.697490e+07
1.000000e+08
1.149757e+08
1.321941e+08
1.519911e+08
1.747528e+08
2.009233e+08
2.310130e+08
2.656088e+08
3.053856e+08
3.511192e+08
4.037017e+08
4.641589e+08
5.336699e+08
6.135907e+08
7.054802e+08
8.111308e+08
9.326033e+08
1.072267e+09
1.232847e+09
1.417474e+09
1.629751e+09
1.873817e+09
2.154435e+09
2.477076e+09
2.848036e+09
3.274549e+09
3.764936e+09
4.328761e+09
4.977024e+09
5.722368e+09
6.579332e+09
7.564633e+09
8.697490e+09
1.000000e+10
1.149757e+10
1.321941e+10
1.519911e+10
1.747528e+10
2.009233e+10
2.310130e+10
2.656088e+10
3.053856e+10
3.511192e+10
4.037017e+10
4.641589e+10
5.336699e+10
6.135907e+10
7.054802e+10
8.111308e+10
9.326033e+10
1.072267e+11
1.232847e+11
1.417474e+11
1.629751e+11
1.873817e+11
2.154435e+11
2.477076e+11
2.848036e+11
3.274549e+11
3.764936e+11
4.328761e+11
4.977024e+11
5.722368e+11
6.579332e+11
7.564633e+11
8.697490e+11
1.000000e+12
